1708846000190 0.02 5
1708846002054 0.05 10
1708846003942 0.07 15
1708846005832 0.1 20
1708846007744 0.12 25
1708846009658 0.14 30
1708846011538 0.17 35
1708846013388 0.19 40
1708846015248 0.21 45
1708846017101 0.24 50
1708846029520 0.24 50
1708846031382 0.26 55
1708846033235 0.29 60
1708846035113 0.31 65
1708846036984 0.33 70
1708846038856 0.36 75
1708846040744 0.38 80
1708846042613 0.4 85
1708846044487 0.43 90
1708846046356 0.45 95
1708846048204 0.48 100
1708846060552 0.48 100
1708846062403 0.5 105
1708846064266 0.52 110
1708846066133 0.55 115
1708846068003 0.57 120
1708846069861 0.6 125
1708846071727 0.62 130
1708846073580 0.64 135
1708846075433 0.67 140
1708846077286 0.69 145
1708846079149 0.71 150
1708846091768 0.71 150
1708846093623 0.74 155
1708846095479 0.76 160
1708846097335 0.79 165
1708846099190 0.81 170
1708846101048 0.83 175
1708846102905 0.86 180
1708846104787 0.88 185
1708846106691 0.9 190
1708846108576 0.93 195
1708846110517 0.95 200
1708846123602 0.95 200
1708846125469 0.98 205
1708846127121 1.0 210
1708846129990 1.02 215
1708846131872 1.05 220
1708846133732 1.07 225
1708846135591 1.1 230
1708846137465 1.12 235
1708846139331 1.14 240
1708846141220 1.17 245
1708846143101 1.19 250
1708846155819 1.19 250
1708846157685 1.21 255
1708846159558 1.24 260
1708846161435 1.26 265
1708846163306 1.29 270
1708846165173 1.31 275
1708846167027 1.33 280
1708846168881 1.36 285
1708846170736 1.38 290
1708846172593 1.4 295
1708846174447 1.43 300
1708846187239 1.43 300
1708846189100 1.45 305
1708846190958 1.48 310
1708846192811 1.5 315
1708846194664 1.52 320
1708846196569 1.55 325
1708846198434 1.57 330
1708846200340 1.6 335
1708846202237 1.62 340
1708846204124 1.64 345
1708846206015 1.67 350
1708846218728 1.67 350
1708846220595 1.69 355
1708846222481 1.71 360
1708846224381 1.74 365
1708846226249 1.76 370
1708846228164 1.79 375
1708846230065 1.81 380
1708846231931 1.83 385
1708846233784 1.86 390
1708846235650 1.88 395
1708846237513 1.9 400
1708846250210 1.9 400
1708846252076 1.93 405
1708846253971 1.95 410
1708846255840 1.98 415
1708846257500 2.0 420
1708846260401 2.02 425
1708846262295 2.05 430
1708846264193 2.07 435
1708846266089 2.1 440
1708846267965 2.12 445
1708846269828 2.14 450
1708846282282 2.14 450
1708846284140 2.17 455
1708846285993 2.19 460
1708846287868 2.21 465
1708846289745 2.24 470
1708846291675 2.26 475
1708846293591 2.29 480
1708846295511 2.31 485
1708846297425 2.33 490
1708846299338 2.36 495
1708846301206 2.38 500
1708846313800 2.38 500
1708846316328 2.4 505
1708846318196 2.43 510
1708846320106 2.45 515
1708846322023 2.48 520
1708846323902 2.5 525
1708846325783 2.52 530
1708846327663 2.55 535
1708846329532 2.57 540
1708846331383 2.6 545
1708846333248 2.62 550
1708846346259 2.62 550
1708846348130 2.64 555
1708846349978 2.67 560
1708846351831 2.69 565
1708846353681 2.71 570
1708846355550 2.74 575
1708846357419 2.76 580
1708846359292 2.79 585
1708846361156 2.81 590
1708846363038 2.83 595
1708846364905 2.86 600
1708846377893 2.86 600
1708846379757 2.88 605
1708846381633 2.9 610
1708846383524 2.93 615
1708846385401 2.95 620
1708846387250 2.98 625
1708846388901 3.0 630
1708846388914 3.0 630
1708846402168 3.0 630
1708846414778 3.0 630
