1708846000190 14.071571350097656 5
1708846002054 8.147551536560059 10
1708846003942 5.937110424041748 15
1708846005832 3.032083511352539 20
1708846007744 4.481313228607178 25
1708846009658 8.569486618041992 30
1708846011538 11.988500595092773 35
1708846013388 5.022343158721924 40
1708846015248 3.4545557498931885 45
1708846017101 2.48462176322937 50
1708846031382 4.930074214935303 55
1708846033235 4.428616523742676 60
1708846035113 4.7964606285095215 65
1708846036984 2.2310500144958496 70
1708846038856 4.190618515014648 75
1708846040744 2.347013473510742 80
1708846042613 5.23231840133667 85
1708846044487 1.8042302131652832 90
1708846046356 1.5467941761016846 95
1708846048204 4.410721778869629 100
1708846062403 1.4091798067092896 105
1708846064266 1.7599109411239624 110
1708846066133 5.185754299163818 115
1708846068003 1.4772441387176514 120
1708846069861 3.5623066425323486 125
1708846071727 1.8005496263504028 130
1708846073580 1.7079558372497559 135
1708846075433 1.429829716682434 140
1708846077286 1.9383612871170044 145
1708846079149 2.055124282836914 150
1708846093623 2.6417922973632812 155
1708846095479 1.5106614828109741 160
1708846097335 1.569786548614502 165
1708846099190 1.4155484437942505 170
1708846101048 2.4091150760650635 175
1708846102905 1.2094285488128662 180
1708846104787 1.7893431186676025 185
1708846106691 2.486527919769287 190
1708846108576 2.081772565841675 195
1708846110517 1.2255734205245972 200
1708846125469 1.620327353477478 205
1708846127121 1.545924425125122 210
1708846129990 0.8343894481658936 215
1708846131872 1.1943250894546509 220
1708846133732 2.8198556900024414 225
1708846135591 1.8076001405715942 230
1708846137465 0.78522127866745 235
1708846139331 1.5134607553482056 240
1708846141220 1.4987248182296753 245
1708846143101 1.0258702039718628 250
1708846157685 0.709568202495575 255
1708846159558 0.8388156294822693 260
1708846161435 0.6307516098022461 265
1708846163306 0.9879328608512878 270
1708846165173 0.8979342579841614 275
1708846167027 0.5961480736732483 280
1708846168881 1.1453973054885864 285
1708846170736 0.5679358839988708 290
1708846172593 0.8300651907920837 295
1708846174447 0.9844919443130493 300
1708846189100 1.0265309810638428 305
1708846190958 0.48475897312164307 310
1708846192811 0.6753854155540466 315
1708846194664 0.6744275689125061 320
1708846196569 0.9020574688911438 325
1708846198434 2.2008090019226074 330
1708846200340 0.6239756345748901 335
1708846202237 0.9142097234725952 340
1708846204124 0.4496999680995941 345
1708846206015 1.0216201543807983 350
1708846220595 0.5397731065750122 355
1708846222481 0.5352931022644043 360
1708846224381 0.8197582364082336 365
1708846226249 0.7397769689559937 370
1708846228164 0.7732706665992737 375
1708846230065 0.5419316291809082 380
1708846231931 0.8246762752532959 385
1708846233784 0.5122495293617249 390
1708846235650 0.643295168876648 395
1708846237513 0.6664963364601135 400
1708846252076 1.6273775100708008 405
1708846253971 0.6206012964248657 410
1708846255840 0.27662888169288635 415
1708846257500 0.4340974986553192 420
1708846260401 0.46610337495803833 425
1708846262295 0.7601154446601868 430
1708846264193 0.8657293319702148 435
1708846266089 0.676423966884613 440
1708846267965 0.799884557723999 445
1708846269828 0.5864905714988708 450
1708846284140 0.7220991253852844 455
1708846285993 0.6889325976371765 460
1708846287868 1.0131080150604248 465
1708846289745 1.1054399013519287 470
1708846291675 0.42777732014656067 475
1708846293591 0.4776061177253723 480
1708846295511 0.9948424696922302 485
1708846297425 0.7388730049133301 490
1708846299338 1.0168416500091553 495
1708846301206 1.2235866785049438 500
1708846316328 1.3548028469085693 505
1708846318196 1.340052843093872 510
1708846320106 1.1651809215545654 515
1708846322023 0.8960853815078735 520
1708846323902 0.9265527129173279 525
1708846325783 0.4476431608200073 530
1708846327663 0.6343709230422974 535
1708846329532 1.741390347480774 540
1708846331383 0.6533519625663757 545
1708846333248 0.27691948413848877 550
1708846348130 0.8879998326301575 555
1708846349978 0.6114581227302551 560
1708846351831 1.0457452535629272 565
1708846353681 0.5624594688415527 570
1708846355550 0.8671395778656006 575
1708846357419 0.4047761559486389 580
1708846359292 0.6801396608352661 585
1708846361156 1.0987144708633423 590
1708846363038 1.0904043912887573 595
1708846364905 0.4033976197242737 600
1708846379757 1.031001329421997 605
1708846381633 0.5272514820098877 610
1708846383524 0.47091302275657654 615
1708846385401 0.7863766551017761 620
1708846387250 0.5390711426734924 625
1708846388901 0.8329610228538513 630
