1708846000190 4.960317460317461e-05 5
1708846002054 4.9206349206349204e-05 10
1708846003942 4.880952380952381e-05 15
1708846005832 4.841269841269841e-05 20
1708846007744 4.801587301587302e-05 25
1708846009658 4.761904761904762e-05 30
1708846011538 4.722222222222222e-05 35
1708846013388 4.682539682539683e-05 40
1708846015248 4.642857142857143e-05 45
1708846017101 4.603174603174603e-05 50
1708846031382 4.563492063492064e-05 55
1708846033235 4.523809523809524e-05 60
1708846035113 4.4841269841269846e-05 65
1708846036984 4.4444444444444447e-05 70
1708846038856 4.404761904761905e-05 75
1708846040744 4.3650793650793655e-05 80
1708846042613 4.3253968253968256e-05 85
1708846044487 4.2857142857142856e-05 90
1708846046356 4.2460317460317464e-05 95
1708846048204 4.2063492063492065e-05 100
1708846062403 4.166666666666667e-05 105
1708846064266 4.126984126984127e-05 110
1708846066133 4.0873015873015874e-05 115
1708846068003 4.047619047619048e-05 120
1708846069861 4.007936507936508e-05 125
1708846071727 3.968253968253968e-05 130
1708846073580 3.928571428571429e-05 135
1708846075433 3.888888888888889e-05 140
1708846077286 3.84920634920635e-05 145
1708846079149 3.809523809523809e-05 150
1708846093623 3.76984126984127e-05 155
1708846095479 3.730158730158731e-05 160
1708846097335 3.690476190476191e-05 165
1708846099190 3.650793650793651e-05 170
1708846101048 3.611111111111111e-05 175
1708846102905 3.571428571428572e-05 180
1708846104787 3.5317460317460324e-05 185
1708846106691 3.492063492063492e-05 190
1708846108576 3.4523809523809526e-05 195
1708846110517 3.412698412698413e-05 200
1708846125469 3.3730158730158734e-05 205
1708846127121 3.3333333333333335e-05 210
1708846129990 3.2936507936507936e-05 215
1708846131872 3.253968253968254e-05 220
1708846133732 3.2142857142857144e-05 225
1708846135591 3.1746031746031745e-05 230
1708846137465 3.134920634920635e-05 235
1708846139331 3.095238095238095e-05 240
1708846141220 3.055555555555556e-05 245
1708846143101 3.0158730158730158e-05 250
1708846157685 2.9761904761904762e-05 255
1708846159558 2.9365079365079366e-05 260
1708846161435 2.8968253968253974e-05 265
1708846163306 2.857142857142857e-05 270
1708846165173 2.8174603174603175e-05 275
1708846167027 2.777777777777778e-05 280
1708846168881 2.7380952380952383e-05 285
1708846170736 2.6984126984126984e-05 290
1708846172593 2.6587301587301588e-05 295
1708846174447 2.6190476190476192e-05 300
1708846189100 2.5793650793650796e-05 305
1708846190958 2.5396825396825397e-05 310
1708846192811 2.5e-05 315
1708846194664 2.4603174603174602e-05 320
1708846196569 2.4206349206349206e-05 325
1708846198434 2.380952380952381e-05 330
1708846200340 2.3412698412698414e-05 335
1708846202237 2.3015873015873015e-05 340
1708846204124 2.261904761904762e-05 345
1708846206015 2.2222222222222223e-05 350
1708846220595 2.1825396825396827e-05 355
1708846222481 2.1428571428571428e-05 360
1708846224381 2.1031746031746032e-05 365
1708846226249 2.0634920634920636e-05 370
1708846228164 2.023809523809524e-05 375
1708846230065 1.984126984126984e-05 380
1708846231931 1.9444444444444445e-05 385
1708846233784 1.9047619047619046e-05 390
1708846235650 1.8650793650793654e-05 395
1708846237513 1.8253968253968254e-05 400
1708846252076 1.785714285714286e-05 405
1708846253971 1.746031746031746e-05 410
1708846255840 1.7063492063492063e-05 415
1708846257500 1.6666666666666667e-05 420
1708846260401 1.626984126984127e-05 425
1708846262295 1.5873015873015872e-05 430
1708846264193 1.5476190476190476e-05 435
1708846266089 1.5079365079365079e-05 440
1708846267965 1.4682539682539683e-05 445
1708846269828 1.4285714285714285e-05 450
1708846284140 1.388888888888889e-05 455
1708846285993 1.3492063492063492e-05 460
1708846287868 1.3095238095238096e-05 465
1708846289745 1.2698412698412699e-05 470
1708846291675 1.2301587301587301e-05 475
1708846293591 1.1904761904761905e-05 480
1708846295511 1.1507936507936508e-05 485
1708846297425 1.1111111111111112e-05 490
1708846299338 1.0714285714285714e-05 495
1708846301206 1.0317460317460318e-05 500
1708846316328 9.92063492063492e-06 505
1708846318196 9.523809523809523e-06 510
1708846320106 9.126984126984127e-06 515
1708846322023 8.73015873015873e-06 520
1708846323902 8.333333333333334e-06 525
1708846325783 7.936507936507936e-06 530
1708846327663 7.5396825396825394e-06 535
1708846329532 7.142857142857143e-06 540
1708846331383 6.746031746031746e-06 545
1708846333248 6.349206349206349e-06 550
1708846348130 5.9523809523809525e-06 555
1708846349978 5.555555555555556e-06 560
1708846351831 5.158730158730159e-06 565
1708846353681 4.7619047619047615e-06 570
1708846355550 4.365079365079365e-06 575
1708846357419 3.968253968253968e-06 580
1708846359292 3.5714285714285714e-06 585
1708846361156 3.1746031746031746e-06 590
1708846363038 2.777777777777778e-06 595
1708846364905 2.3809523809523808e-06 600
1708846379757 1.984126984126984e-06 605
1708846381633 1.5873015873015873e-06 610
1708846383524 1.1904761904761904e-06 615
1708846385401 7.936507936507937e-07 620
1708846387250 3.9682539682539683e-07 625
1708846388901 0.0 630
