1708846000190 0.9745 5
1708846002054 0.9038 10
1708846003942 0.809 15
1708846005832 0.8811 20
1708846007744 0.8565 25
1708846009658 0.872 30
1708846011538 0.802 35
1708846013388 0.734 40
1708846015248 0.7672 45
1708846017101 0.7534 50
1708846031382 0.7265 55
1708846033235 0.6977 60
1708846035113 0.6987 65
1708846036984 0.6566 70
1708846038856 0.683 75
1708846040744 0.6357 80
1708846042613 0.6535 85
1708846044487 0.6327 90
1708846046356 0.5877 95
1708846048204 0.6031 100
1708846062403 0.5819 105
1708846064266 0.5777 110
1708846066133 0.5768 115
1708846068003 0.5308 120
1708846069861 0.513 125
1708846071727 0.5005 130
1708846073580 0.4953 135
1708846075433 0.4714 140
1708846077286 0.4287 145
1708846079149 0.4279 150
1708846093623 0.4154 155
1708846095479 0.3965 160
1708846097335 0.3696 165
1708846099190 0.3378 170
1708846101048 0.3132 175
1708846102905 0.2935 180
1708846104787 0.2625 185
1708846106691 0.2388 190
1708846108576 0.2681 195
1708846110517 0.2073 200
1708846125469 0.1937 205
1708846127121 0.2151 210
1708846129990 0.1962 215
1708846131872 0.1578 220
1708846133732 0.1903 225
1708846135591 0.1873 230
1708846137465 0.1515 235
1708846139331 0.1683 240
1708846141220 0.1948 245
1708846143101 0.1665 250
1708846157685 0.1335 255
1708846159558 0.1681 260
1708846161435 0.1797 265
1708846163306 0.202 270
1708846165173 0.1147 275
1708846167027 0.1281 280
1708846168881 0.1215 285
1708846170736 0.1334 290
1708846172593 0.162 295
1708846174447 0.1281 300
1708846189100 0.1576 305
1708846190958 0.0998 310
1708846192811 0.1633 315
1708846194664 0.1482 320
1708846196569 0.1738 325
1708846198434 0.1346 330
1708846200340 0.1232 335
1708846202237 0.1244 340
1708846204124 0.1089 345
1708846206015 0.1164 350
1708846220595 0.09 355
1708846222481 0.1086 360
1708846224381 0.0876 365
1708846226249 0.1118 370
1708846228164 0.1846 375
1708846230065 0.1298 380
1708846231931 0.1422 385
1708846233784 0.0978 390
1708846235650 0.1209 395
1708846237513 0.1416 400
1708846252076 0.1304 405
1708846253971 0.1065 410
1708846255840 0.0826 415
1708846257500 0.0994 420
1708846260401 0.1025 425
1708846262295 0.126 430
1708846264193 0.0996 435
1708846266089 0.0883 440
1708846267965 0.1129 445
1708846269828 0.1336 450
1708846284140 0.1046 455
1708846285993 0.094 460
1708846287868 0.1545 465
1708846289745 0.1487 470
1708846291675 0.1032 475
1708846293591 0.0942 480
1708846295511 0.1615 485
1708846297425 0.1621 490
1708846299338 0.0914 495
1708846301206 0.1305 500
1708846316328 0.1139 505
1708846318196 0.1705 510
1708846320106 0.1204 515
1708846322023 0.1326 520
1708846323902 0.0661 525
1708846325783 0.0748 530
1708846327663 0.0952 535
1708846329532 0.1319 540
1708846331383 0.1126 545
1708846333248 0.0917 550
1708846348130 0.148 555
1708846349978 0.118 560
1708846351831 0.1218 565
1708846353681 0.1301 570
1708846355550 0.1082 575
1708846357419 0.1085 580
1708846359292 0.1325 585
1708846361156 0.1151 590
1708846363038 0.1106 595
1708846364905 0.1 600
1708846379757 0.1176 605
1708846381633 0.1205 610
1708846383524 0.1083 615
1708846385401 0.0674 620
1708846387250 0.105 625
1708846388901 0.1167 630
