1708846658849 0.02 5
1708846660718 0.05 10
1708846662587 0.07 15
1708846664460 0.1 20
1708846666329 0.12 25
1708846668198 0.14 30
1708846670062 0.17 35
1708846671928 0.19 40
1708846673792 0.21 45
1708846675654 0.24 50
1708846688331 0.24 50
1708846690203 0.26 55
1708846692069 0.29 60
1708846693936 0.31 65
1708846695803 0.33 70
1708846697674 0.36 75
1708846699541 0.38 80
1708846701408 0.4 85
1708846703275 0.43 90
1708846705145 0.45 95
1708846707012 0.48 100
1708846720001 0.48 100
1708846721872 0.5 105
1708846723743 0.52 110
1708846725627 0.55 115
1708846727501 0.57 120
1708846729369 0.6 125
1708846731235 0.62 130
1708846733105 0.64 135
1708846734993 0.67 140
1708846736927 0.69 145
1708846738839 0.71 150
1708846751594 0.71 150
1708846753499 0.74 155
1708846755402 0.76 160
1708846757308 0.79 165
1708846759216 0.81 170
1708846761095 0.83 175
1708846762962 0.86 180
1708846764846 0.88 185
1708846766756 0.9 190
1708846768636 0.93 195
1708846770554 0.95 200
1708846783549 0.95 200
1708846785417 0.98 205
1708846787096 1.0 210
1708846789968 1.02 215
1708846791840 1.05 220
1708846793729 1.07 225
1708846795644 1.1 230
1708846797554 1.12 235
1708846799425 1.14 240
1708846801313 1.17 245
1708846803222 1.19 250
1708846815943 1.19 250
1708846817821 1.21 255
1708846819687 1.24 260
1708846821555 1.26 265
1708846823426 1.29 270
1708846825298 1.31 275
1708846827163 1.33 280
1708846829037 1.36 285
1708846830932 1.38 290
1708846832820 1.4 295
1708846834713 1.43 300
1708846847400 1.43 300
1708846849290 1.45 305
1708846851155 1.48 310
1708846853018 1.5 315
1708846854886 1.52 320
1708846856749 1.55 325
1708846858613 1.57 330
1708846860486 1.6 335
1708846862385 1.62 340
1708846864289 1.64 345
1708846866181 1.67 350
1708846878968 1.67 350
1708846880836 1.69 355
1708846882702 1.71 360
1708846884566 1.74 365
1708846886452 1.76 370
1708846888329 1.79 375
1708846890208 1.81 380
1708846892091 1.83 385
1708846893990 1.86 390
1708846895860 1.88 395
1708846897738 1.9 400
1708846910356 1.9 400
1708846912233 1.93 405
1708846914108 1.95 410
1708846916010 1.98 415
1708846917727 2.0 420
1708846920702 2.02 425
1708846922620 2.05 430
1708846924523 2.07 435
1708846926431 2.1 440
1708846928335 2.12 445
1708846930239 2.14 450
1708846943383 2.14 450
1708846946065 2.17 455
1708846948164 2.19 460
1708846950064 2.21 465
1708846951952 2.24 470
1708846953840 2.26 475
1708846955731 2.29 480
1708846957628 2.31 485
1708846959519 2.33 490
1708846961408 2.36 495
1708846963302 2.38 500
1708846976387 2.38 500
1708846979760 2.4 505
1708846981847 2.43 510
1708846983744 2.45 515
1708846985637 2.48 520
1708846987531 2.5 525
1708846989420 2.52 530
1708846991309 2.55 535
1708846993197 2.57 540
1708846995091 2.6 545
1708846996984 2.62 550
1708847010037 2.62 550
1708847012707 2.64 555
1708847014811 2.67 560
1708847016715 2.69 565
1708847018608 2.71 570
1708847020502 2.74 575
1708847022391 2.76 580
1708847024280 2.79 585
1708847026170 2.81 590
1708847028062 2.83 595
1708847029956 2.86 600
1708847043261 2.86 600
1708847045987 2.88 605
1708847048102 2.9 610
1708847050012 2.93 615
1708847051906 2.95 620
1708847053792 2.98 625
1708847055483 3.0 630
1708847055498 3.0 630
1708847069422 3.0 630
1708847082430 3.0 630
