1708846658849 4.736438274383545 5
1708846660718 1.7063144445419312 10
1708846662587 1.9569238424301147 15
1708846664460 4.336183547973633 20
1708846666329 2.4273970127105713 25
1708846668198 3.0100643634796143 30
1708846670062 6.523708343505859 35
1708846671928 2.7184088230133057 40
1708846673792 1.9985482692718506 45
1708846675654 1.5697077512741089 50
1708846690203 2.0246541500091553 55
1708846692069 3.422069549560547 60
1708846693936 2.804124116897583 65
1708846695803 2.697542190551758 70
1708846697674 2.995663642883301 75
1708846699541 1.6655243635177612 80
1708846701408 3.468083381652832 85
1708846703275 2.6849796772003174 90
1708846705145 2.8459274768829346 95
1708846707012 3.0857350826263428 100
1708846721872 1.398590087890625 105
1708846723743 1.2428123950958252 110
1708846725627 3.232739210128784 115
1708846727501 1.3140805959701538 120
1708846729369 1.9125099182128906 125
1708846731235 1.6851266622543335 130
1708846733105 0.6068898439407349 135
1708846734993 0.6449236869812012 140
1708846736927 1.1365796327590942 145
1708846738839 0.5957980155944824 150
1708846753499 0.7081459760665894 155
1708846755402 0.8006970882415771 160
1708846757308 0.991878092288971 165
1708846759216 1.1232529878616333 170
1708846761095 0.3993604779243469 175
1708846762962 1.0620906352996826 180
1708846764846 0.8597012162208557 185
1708846766756 2.0091540813446045 190
1708846768636 0.7776817679405212 195
1708846770554 1.2325509786605835 200
1708846785417 0.5763543844223022 205
1708846787096 0.5168375372886658 210
1708846789968 0.7325471043586731 215
1708846791840 0.6107850074768066 220
1708846793729 1.4973728656768799 225
1708846795644 0.8837072849273682 230
1708846797554 0.5035476684570312 235
1708846799425 1.1314529180526733 240
1708846801313 1.508611798286438 245
1708846803222 0.6842566728591919 250
1708846817821 1.0151885747909546 255
1708846819687 1.2353713512420654 260
1708846821555 0.8425361514091492 265
1708846823426 0.6665780544281006 270
1708846825298 1.0177569389343262 275
1708846827163 0.45713740587234497 280
1708846829037 0.8184344172477722 285
1708846830932 0.9216238260269165 290
1708846832820 0.5634835958480835 295
1708846834713 1.1410953998565674 300
1708846849290 1.1580685377120972 305
1708846851155 0.5021535158157349 310
1708846853018 0.49858298897743225 315
1708846854886 0.6161168217658997 320
1708846856749 0.900896430015564 325
1708846858613 2.403937578201294 330
1708846860486 0.6642874479293823 335
1708846862385 0.5341361165046692 340
1708846864289 0.6132872700691223 345
1708846866181 0.8674012422561646 350
1708846880836 0.5772613883018494 355
1708846882702 0.6269450783729553 360
1708846884566 0.9352453351020813 365
1708846886452 0.5588129758834839 370
1708846888329 0.6694671511650085 375
1708846890208 0.38948798179626465 380
1708846892091 0.7785886526107788 385
1708846893990 0.6679835319519043 390
1708846895860 0.5242670178413391 395
1708846897738 0.7202465534210205 400
1708846912233 1.8640203475952148 405
1708846914108 0.7065141201019287 410
1708846916010 0.21449905633926392 415
1708846917727 0.36302053928375244 420
1708846920702 0.5197018980979919 425
1708846922620 0.7384369969367981 430
1708846924523 0.6621617674827576 435
1708846926431 0.25586947798728943 440
1708846928335 0.8084878921508789 445
1708846930239 0.31554633378982544 450
1708846946065 0.8007763028144836 455
1708846948164 1.1152664422988892 460
1708846950064 0.8443571925163269 465
1708846951952 0.7465481162071228 470
1708846953840 0.3628789186477661 475
1708846955731 0.649614155292511 480
1708846957628 0.8788474798202515 485
1708846959519 0.5700573921203613 490
1708846961408 0.7379929423332214 495
1708846963302 0.9808802008628845 500
1708846979760 1.0633281469345093 505
1708846981847 1.3098644018173218 510
1708846983744 1.6201943159103394 515
1708846985637 0.8882946968078613 520
1708846987531 0.9153808355331421 525
1708846989420 0.719308078289032 530
1708846991309 0.6330174207687378 535
1708846993197 1.3134251832962036 540
1708846995091 0.5897316932678223 545
1708846996984 0.24144436419010162 550
1708847012707 0.663445770740509 555
1708847014811 0.4978032410144806 560
1708847016715 0.5998781323432922 565
1708847018608 0.3517376482486725 570
1708847020502 0.49202901124954224 575
1708847022391 0.30013084411621094 580
1708847024280 0.7104546427726746 585
1708847026170 0.5389779210090637 590
1708847028062 0.866670548915863 595
1708847029956 0.7570772171020508 600
1708847045987 0.7059862017631531 605
1708847048102 0.29334285855293274 610
1708847050012 0.3501571714878082 615
1708847051906 0.5082408785820007 620
1708847053792 0.5833328366279602 625
1708847055483 0.49862775206565857 630
