1708846658849 4.960317460317461e-05 5
1708846660718 4.9206349206349204e-05 10
1708846662587 4.880952380952381e-05 15
1708846664460 4.841269841269841e-05 20
1708846666329 4.801587301587302e-05 25
1708846668198 4.761904761904762e-05 30
1708846670062 4.722222222222222e-05 35
1708846671928 4.682539682539683e-05 40
1708846673792 4.642857142857143e-05 45
1708846675654 4.603174603174603e-05 50
1708846690203 4.563492063492064e-05 55
1708846692069 4.523809523809524e-05 60
1708846693936 4.4841269841269846e-05 65
1708846695803 4.4444444444444447e-05 70
1708846697674 4.404761904761905e-05 75
1708846699541 4.3650793650793655e-05 80
1708846701408 4.3253968253968256e-05 85
1708846703275 4.2857142857142856e-05 90
1708846705145 4.2460317460317464e-05 95
1708846707012 4.2063492063492065e-05 100
1708846721872 4.166666666666667e-05 105
1708846723743 4.126984126984127e-05 110
1708846725627 4.0873015873015874e-05 115
1708846727501 4.047619047619048e-05 120
1708846729369 4.007936507936508e-05 125
1708846731235 3.968253968253968e-05 130
1708846733105 3.928571428571429e-05 135
1708846734993 3.888888888888889e-05 140
1708846736927 3.84920634920635e-05 145
1708846738839 3.809523809523809e-05 150
1708846753499 3.76984126984127e-05 155
1708846755402 3.730158730158731e-05 160
1708846757308 3.690476190476191e-05 165
1708846759216 3.650793650793651e-05 170
1708846761095 3.611111111111111e-05 175
1708846762962 3.571428571428572e-05 180
1708846764846 3.5317460317460324e-05 185
1708846766756 3.492063492063492e-05 190
1708846768636 3.4523809523809526e-05 195
1708846770554 3.412698412698413e-05 200
1708846785417 3.3730158730158734e-05 205
1708846787096 3.3333333333333335e-05 210
1708846789968 3.2936507936507936e-05 215
1708846791840 3.253968253968254e-05 220
1708846793729 3.2142857142857144e-05 225
1708846795644 3.1746031746031745e-05 230
1708846797554 3.134920634920635e-05 235
1708846799425 3.095238095238095e-05 240
1708846801313 3.055555555555556e-05 245
1708846803222 3.0158730158730158e-05 250
1708846817821 2.9761904761904762e-05 255
1708846819687 2.9365079365079366e-05 260
1708846821555 2.8968253968253974e-05 265
1708846823426 2.857142857142857e-05 270
1708846825298 2.8174603174603175e-05 275
1708846827163 2.777777777777778e-05 280
1708846829037 2.7380952380952383e-05 285
1708846830932 2.6984126984126984e-05 290
1708846832820 2.6587301587301588e-05 295
1708846834713 2.6190476190476192e-05 300
1708846849290 2.5793650793650796e-05 305
1708846851155 2.5396825396825397e-05 310
1708846853018 2.5e-05 315
1708846854886 2.4603174603174602e-05 320
1708846856749 2.4206349206349206e-05 325
1708846858613 2.380952380952381e-05 330
1708846860486 2.3412698412698414e-05 335
1708846862385 2.3015873015873015e-05 340
1708846864289 2.261904761904762e-05 345
1708846866181 2.2222222222222223e-05 350
1708846880836 2.1825396825396827e-05 355
1708846882702 2.1428571428571428e-05 360
1708846884566 2.1031746031746032e-05 365
1708846886452 2.0634920634920636e-05 370
1708846888329 2.023809523809524e-05 375
1708846890208 1.984126984126984e-05 380
1708846892091 1.9444444444444445e-05 385
1708846893990 1.9047619047619046e-05 390
1708846895860 1.8650793650793654e-05 395
1708846897738 1.8253968253968254e-05 400
1708846912233 1.785714285714286e-05 405
1708846914108 1.746031746031746e-05 410
1708846916010 1.7063492063492063e-05 415
1708846917727 1.6666666666666667e-05 420
1708846920702 1.626984126984127e-05 425
1708846922620 1.5873015873015872e-05 430
1708846924523 1.5476190476190476e-05 435
1708846926431 1.5079365079365079e-05 440
1708846928335 1.4682539682539683e-05 445
1708846930239 1.4285714285714285e-05 450
1708846946065 1.388888888888889e-05 455
1708846948164 1.3492063492063492e-05 460
1708846950064 1.3095238095238096e-05 465
1708846951952 1.2698412698412699e-05 470
1708846953840 1.2301587301587301e-05 475
1708846955731 1.1904761904761905e-05 480
1708846957628 1.1507936507936508e-05 485
1708846959519 1.1111111111111112e-05 490
1708846961408 1.0714285714285714e-05 495
1708846963302 1.0317460317460318e-05 500
1708846979760 9.92063492063492e-06 505
1708846981847 9.523809523809523e-06 510
1708846983744 9.126984126984127e-06 515
1708846985637 8.73015873015873e-06 520
1708846987531 8.333333333333334e-06 525
1708846989420 7.936507936507936e-06 530
1708846991309 7.5396825396825394e-06 535
1708846993197 7.142857142857143e-06 540
1708846995091 6.746031746031746e-06 545
1708846996984 6.349206349206349e-06 550
1708847012707 5.9523809523809525e-06 555
1708847014811 5.555555555555556e-06 560
1708847016715 5.158730158730159e-06 565
1708847018608 4.7619047619047615e-06 570
1708847020502 4.365079365079365e-06 575
1708847022391 3.968253968253968e-06 580
1708847024280 3.5714285714285714e-06 585
1708847026170 3.1746031746031746e-06 590
1708847028062 2.777777777777778e-06 595
1708847029956 2.3809523809523808e-06 600
1708847045987 1.984126984126984e-06 605
1708847048102 1.5873015873015873e-06 610
1708847050012 1.1904761904761904e-06 615
1708847051906 7.936507936507937e-07 620
1708847053792 3.9682539682539683e-07 625
1708847055483 0.0 630
