1708846658849 0.6691 5
1708846660718 0.6366 10
1708846662587 0.6426 15
1708846664460 0.6522 20
1708846666329 0.6313 25
1708846668198 0.6066 30
1708846670062 0.5938 35
1708846671928 0.6107 40
1708846673792 0.5568 45
1708846675654 0.5279 50
1708846690203 0.5073 55
1708846692069 0.4832 60
1708846693936 0.435 65
1708846695803 0.4252 70
1708846697674 0.4159 75
1708846699541 0.3623 80
1708846701408 0.3616 85
1708846703275 0.3363 90
1708846705145 0.3001 95
1708846707012 0.2736 100
1708846721872 0.241 105
1708846723743 0.2208 110
1708846725627 0.185 115
1708846727501 0.1507 120
1708846729369 0.1719 125
1708846731235 0.1865 130
1708846733105 0.1324 135
1708846734993 0.1409 140
1708846736927 0.1486 145
1708846738839 0.1196 150
1708846753499 0.1334 155
1708846755402 0.1267 160
1708846757308 0.1415 165
1708846759216 0.1189 170
1708846761095 0.0886 175
1708846762962 0.1251 180
1708846764846 0.1174 185
1708846766756 0.1103 190
1708846768636 0.1336 195
1708846770554 0.0881 200
1708846785417 0.0972 205
1708846787096 0.1289 210
1708846789968 0.126 215
1708846791840 0.0772 220
1708846793729 0.1125 225
1708846795644 0.1212 230
1708846797554 0.0887 235
1708846799425 0.1103 240
1708846801313 0.124 245
1708846803222 0.1215 250
1708846817821 0.0886 255
1708846819687 0.1224 260
1708846821555 0.1378 265
1708846823426 0.1339 270
1708846825298 0.0757 275
1708846827163 0.1046 280
1708846829037 0.0886 285
1708846830932 0.0936 290
1708846832820 0.0996 295
1708846834713 0.0857 300
1708846849290 0.1111 305
1708846851155 0.0767 310
1708846853018 0.1165 315
1708846854886 0.1052 320
1708846856749 0.1249 325
1708846858613 0.1003 330
1708846860486 0.0797 335
1708846862385 0.1038 340
1708846864289 0.0795 345
1708846866181 0.0904 350
1708846880836 0.0617 355
1708846882702 0.0839 360
1708846884566 0.0709 365
1708846886452 0.0917 370
1708846888329 0.1444 375
1708846890208 0.0923 380
1708846892091 0.1106 385
1708846893990 0.0791 390
1708846895860 0.0871 395
1708846897738 0.1158 400
1708846912233 0.1106 405
1708846914108 0.0926 410
1708846916010 0.0611 415
1708846917727 0.0879 420
1708846920702 0.0774 425
1708846922620 0.096 430
1708846924523 0.078 435
1708846926431 0.0634 440
1708846928335 0.0846 445
1708846930239 0.1044 450
1708846946065 0.0857 455
1708846948164 0.0706 460
1708846950064 0.1034 465
1708846951952 0.1159 470
1708846953840 0.076 475
1708846955731 0.0767 480
1708846957628 0.1049 485
1708846959519 0.1061 490
1708846961408 0.0784 495
1708846963302 0.113 500
1708846979760 0.0921 505
1708846981847 0.1144 510
1708846983744 0.0978 515
1708846985637 0.095 520
1708846987531 0.0439 525
1708846989420 0.0637 530
1708846991309 0.0769 535
1708846993197 0.1253 540
1708846995091 0.0784 545
1708846996984 0.065 550
1708847012707 0.1047 555
1708847014811 0.0869 560
1708847016715 0.0869 565
1708847018608 0.0978 570
1708847020502 0.0904 575
1708847022391 0.069 580
1708847024280 0.0983 585
1708847026170 0.0853 590
1708847028062 0.0782 595
1708847029956 0.0807 600
1708847045987 0.0826 605
1708847048102 0.0956 610
1708847050012 0.085 615
1708847051906 0.0536 620
1708847053792 0.085 625
1708847055483 0.0901 630
