1708845407576 0.02 10
1708845409828 0.05 20
1708845412084 0.07 30
1708845414321 0.1 40
1708845416561 0.12 50
1708845418799 0.14 60
1708845421036 0.17 70
1708845423271 0.19 80
1708845425509 0.21 90
1708845427745 0.24 100
1708845439734 0.24 100
1708845441962 0.26 110
1708845444193 0.29 120
1708845446421 0.31 130
1708845448649 0.33 140
1708845450878 0.36 150
1708845453116 0.38 160
1708845455354 0.41 170
1708845457582 0.43 180
1708845459811 0.45 190
1708845462064 0.48 200
1708845475048 0.48 200
1708845477293 0.5 210
1708845479547 0.53 220
1708845481865 0.55 230
1708845484138 0.57 240
1708845486452 0.6 250
1708845488709 0.62 260
1708845490938 0.64 270
1708845493169 0.67 280
1708845495410 0.69 290
1708845497669 0.72 300
1708845510195 0.72 300
1708845512435 0.74 310
1708845514671 0.76 320
1708845516904 0.79 330
1708845519188 0.81 340
1708845521452 0.84 350
1708845523681 0.86 360
1708845525916 0.88 370
1708845528178 0.91 380
1708845530418 0.93 390
1708845532659 0.95 400
1708845545489 0.95 400
1708845547765 0.98 410
1708845550666 1.0 420
1708845552903 1.03 430
1708845555137 1.05 440
1708845557368 1.07 450
1708845559611 1.1 460
1708845561889 1.12 470
1708845564163 1.15 480
1708845566446 1.17 490
1708845568690 1.19 500
1708845581410 1.19 500
1708845584569 1.22 510
1708845586818 1.24 520
1708845589048 1.26 530
1708845591323 1.29 540
1708845593625 1.31 550
1708845595937 1.34 560
1708845598232 1.36 570
1708845600493 1.38 580
1708845602783 1.41 590
1708845605049 1.43 600
1708845617469 1.43 600
1708845619750 1.46 610
1708845622027 1.48 620
1708845624297 1.5 630
1708845626604 1.53 640
1708845628835 1.55 650
1708845631070 1.58 660
1708845633311 1.6 670
1708845635550 1.62 680
1708845637778 1.65 690
1708845640055 1.67 700
1708845652297 1.67 700
1708845654529 1.69 710
1708845656758 1.72 720
1708845658988 1.74 730
1708845661231 1.77 740
1708845663498 1.79 750
1708845665762 1.81 760
1708845668025 1.84 770
1708845670289 1.86 780
1708845672555 1.89 790
1708845674821 1.91 800
1708845687071 1.91 800
1708845689307 1.93 810
1708845691544 1.96 820
1708845693776 1.98 830
1708845696617 2.0 840
1708845698854 2.03 850
1708845701086 2.05 860
1708845703316 2.08 870
1708845705549 2.1 880
1708845707781 2.12 890
1708845710021 2.15 900
1708845722215 2.15 900
1708845724450 2.17 910
1708845726702 2.2 920
1708845728997 2.22 930
1708845731237 2.24 940
1708845733478 2.27 950
1708845735777 2.29 960
1708845738052 2.32 970
1708845740295 2.34 980
1708845742523 2.36 990
1708845744756 2.39 1000
1708845757186 2.39 1000
1708845760276 2.41 1010
1708845762506 2.43 1020
1708845764745 2.46 1030
1708845766982 2.48 1040
1708845769220 2.51 1050
1708845771465 2.53 1060
1708845773696 2.55 1070
1708845775934 2.58 1080
1708845778165 2.6 1090
1708845780400 2.63 1100
1708845793094 2.63 1100
1708845795356 2.65 1110
1708845797593 2.67 1120
1708845799828 2.7 1130
1708845802056 2.72 1140
1708845804285 2.74 1150
1708845806519 2.77 1160
1708845808774 2.79 1170
1708845811095 2.82 1180
1708845813356 2.84 1190
1708845815613 2.86 1200
1708845828592 2.86 1200
1708845831884 2.89 1210
1708845834278 2.91 1220
1708845836538 2.94 1230
1708845838797 2.96 1240
1708845841058 2.98 1250
1708845843145 3.0 1257
1708845856346 3.0 1257
1708845868555 3.0 1257
