1708845407576 2.683467388153076 10
1708845409828 1.0479662418365479 20
1708845412084 5.336665153503418 30
1708845414321 3.759812831878662 40
1708845416561 0.3582637310028076 50
1708845418799 7.480605602264404 60
1708845421036 4.283038139343262 70
1708845423271 1.6989309787750244 80
1708845425509 5.53536319732666 90
1708845427745 2.212656021118164 100
1708845441962 1.6985312700271606 110
1708845444193 4.202480792999268 120
1708845446421 0.1173708513379097 130
1708845448649 1.3115506172180176 140
1708845450878 1.4654415845870972 150
1708845453116 0.2117033302783966 160
1708845455354 3.1594467163085938 170
1708845457582 0.315157026052475 180
1708845459811 0.5227732062339783 190
1708845462064 0.1803564429283142 200
1708845477293 3.2424817085266113 210
1708845479547 1.003868579864502 220
1708845481865 0.13513456284999847 230
1708845484138 0.4986531436443329 240
1708845486452 2.0526623725891113 250
1708845488709 1.6947158575057983 260
1708845490938 1.243151068687439 270
1708845493169 0.08732623606920242 280
1708845495410 0.2094201147556305 290
1708845497669 0.9959916472434998 300
1708845512435 2.236414670944214 310
1708845514671 1.604493498802185 320
1708845516904 3.712402105331421 330
1708845519188 0.6203469634056091 340
1708845521452 0.025594109669327736 350
1708845523681 2.0084786415100098 360
1708845525916 1.3084968328475952 370
1708845528178 1.346987247467041 380
1708845530418 0.22343580424785614 390
1708845532659 0.557946503162384 400
1708845547765 0.9542691111564636 410
1708845550666 1.0409808158874512 420
1708845552903 1.2555651664733887 430
1708845555137 4.858729362487793 440
1708845557368 0.4705803692340851 450
1708845559611 1.0475187301635742 460
1708845561889 0.028054408729076385 470
1708845564163 0.330196738243103 480
1708845566446 5.814275741577148 490
1708845568690 2.2467613220214844 500
1708845584569 0.17621344327926636 510
1708845586818 0.08041278272867203 520
1708845589048 0.30567413568496704 530
1708845591323 0.2076466977596283 540
1708845593625 1.3274812698364258 550
1708845595937 0.45225897431373596 560
1708845598232 10.115397453308105 570
1708845600493 7.919165134429932 580
1708845602783 1.3491454124450684 590
1708845605049 0.08302368968725204 600
1708845619750 0.5157135725021362 610
1708845622027 7.857396125793457 620
1708845624297 0.1651732623577118 630
1708845626604 4.818363189697266 640
1708845628835 2.0316638946533203 650
1708845631070 14.232428550720215 660
1708845633311 6.941310405731201 670
1708845635550 1.558592677116394 680
1708845637778 0.43900519609451294 690
1708845640055 1.6711989641189575 700
1708845654529 0.5528993606567383 710
1708845656758 0.016803842037916183 720
1708845658988 0.8394075632095337 730
1708845661231 0.4031563401222229 740
1708845663498 0.03690643236041069 750
1708845665762 2.0017032623291016 760
1708845668025 0.177237868309021 770
1708845670289 0.032338790595531464 780
1708845672555 0.09695198386907578 790
1708845674821 0.7087315320968628 800
1708845689307 4.555862903594971 810
1708845691544 1.6407406330108643 820
1708845693776 1.4234815835952759 830
1708845696617 0.1170150637626648 840
1708845698854 0.034069664776325226 850
1708845701086 0.038060352206230164 860
1708845703316 3.0728914737701416 870
1708845705549 0.008754871785640717 880
1708845707781 0.037121761590242386 890
1708845710021 0.2241940200328827 900
1708845724450 0.0359698161482811 910
1708845726702 1.9492337703704834 920
1708845728997 0.029077673330903053 930
1708845731237 0.03786199167370796 940
1708845733478 0.3851649761199951 950
1708845735777 0.02038809470832348 960
1708845738052 0.5695422887802124 970
1708845740295 0.03375203162431717 980
1708845742523 0.016914868727326393 990
1708845744756 2.757877826690674 1000
1708845760276 0.012331978417932987 1010
1708845762506 0.5310521125793457 1020
1708845764745 0.015395235270261765 1030
1708845766982 0.028170915320515633 1040
1708845769220 0.021768512204289436 1050
1708845771465 4.843893051147461 1060
1708845773696 0.05108219012618065 1070
1708845775934 0.06396181881427765 1080
1708845778165 0.008702936582267284 1090
1708845780400 0.014168987050652504 1100
1708845795356 0.015442878939211369 1110
1708845797593 11.086566925048828 1120
1708845799828 0.28661996126174927 1130
1708845802056 0.03687291964888573 1140
1708845804285 0.04244551435112953 1150
1708845806519 1.7198952436447144 1160
1708845808774 0.015695510432124138 1170
1708845811095 0.09502772986888885 1180
1708845813356 7.275290012359619 1190
1708845815613 0.017236856743693352 1200
1708845831884 0.05519068241119385 1210
1708845834278 0.006346381269395351 1220
1708845836538 0.21896027028560638 1230
1708845838797 0.03230438381433487 1240
1708845841058 0.8363780975341797 1250
