1708845407576 4.960222752585521e-05 10
1708845409828 4.920445505171042e-05 20
1708845412084 4.880668257756563e-05 30
1708845414321 4.840891010342084e-05 40
1708845416561 4.801113762927606e-05 50
1708845418799 4.761336515513127e-05 60
1708845421036 4.721559268098648e-05 70
1708845423271 4.681782020684169e-05 80
1708845425509 4.64200477326969e-05 90
1708845427745 4.602227525855211e-05 100
1708845441962 4.562450278440732e-05 110
1708845444193 4.522673031026253e-05 120
1708845446421 4.482895783611774e-05 130
1708845448649 4.443118536197295e-05 140
1708845450878 4.4033412887828165e-05 150
1708845453116 4.363564041368338e-05 160
1708845455354 4.3237867939538586e-05 170
1708845457582 4.28400954653938e-05 180
1708845459811 4.2442322991249006e-05 190
1708845462064 4.204455051710422e-05 200
1708845477293 4.1646778042959426e-05 210
1708845479547 4.124900556881464e-05 220
1708845481865 4.085123309466985e-05 230
1708845484138 4.045346062052506e-05 240
1708845486452 4.0055688146380274e-05 250
1708845488709 3.965791567223549e-05 260
1708845490938 3.9260143198090694e-05 270
1708845493169 3.886237072394591e-05 280
1708845495410 3.8464598249801114e-05 290
1708845497669 3.806682577565633e-05 300
1708845512435 3.7669053301511535e-05 310
1708845514671 3.727128082736675e-05 320
1708845516904 3.6873508353221955e-05 330
1708845519188 3.647573587907717e-05 340
1708845521452 3.607796340493238e-05 350
1708845523681 3.5680190930787596e-05 360
1708845525916 3.52824184566428e-05 370
1708845528178 3.4884645982498016e-05 380
1708845530418 3.448687350835322e-05 390
1708845532659 3.4089101034208437e-05 400
1708845547765 3.3691328560063643e-05 410
1708845550666 3.329355608591885e-05 420
1708845552903 3.2895783611774064e-05 430
1708845555137 3.249801113762928e-05 440
1708845557368 3.210023866348449e-05 450
1708845559611 3.17024661893397e-05 460
1708845561889 3.130469371519491e-05 470
1708845564163 3.090692124105012e-05 480
1708845566446 3.050914876690533e-05 490
1708845568690 3.0111376292760542e-05 500
1708845584569 2.9713603818615755e-05 510
1708845586818 2.9315831344470962e-05 520
1708845589048 2.8918058870326176e-05 530
1708845591323 2.8520286396181382e-05 540
1708845593625 2.8122513922036596e-05 550
1708845595937 2.7724741447891806e-05 560
1708845598232 2.732696897374702e-05 570
1708845600493 2.6929196499602227e-05 580
1708845602783 2.653142402545744e-05 590
1708845605049 2.613365155131265e-05 600
1708845619750 2.5735879077167864e-05 610
1708845622027 2.533810660302307e-05 620
1708845624297 2.494033412887828e-05 630
1708845626604 2.454256165473349e-05 640
1708845628835 2.4144789180588705e-05 650
1708845631070 2.3747016706443915e-05 660
1708845633311 2.3349244232299125e-05 670
1708845635550 2.2951471758154335e-05 680
1708845637778 2.2553699284009545e-05 690
1708845640055 2.215592680986476e-05 700
1708845654529 2.175815433571997e-05 710
1708845656758 2.136038186157518e-05 720
1708845658988 2.096260938743039e-05 730
1708845661231 2.05648369132856e-05 740
1708845663498 2.0167064439140813e-05 750
1708845665762 1.9769291964996023e-05 760
1708845668025 1.9371519490851234e-05 770
1708845670289 1.8973747016706444e-05 780
1708845672555 1.8575974542561654e-05 790
1708845674821 1.8178202068416867e-05 800
1708845689307 1.7780429594272078e-05 810
1708845691544 1.7382657120127288e-05 820
1708845693776 1.6984884645982498e-05 830
1708845696617 1.6587112171837708e-05 840
1708845698854 1.6189339697692922e-05 850
1708845701086 1.5791567223548132e-05 860
1708845703316 1.5393794749403342e-05 870
1708845705549 1.4996022275258554e-05 880
1708845707781 1.4598249801113764e-05 890
1708845710021 1.4200477326968974e-05 900
1708845724450 1.3802704852824186e-05 910
1708845726702 1.3404932378679396e-05 920
1708845728997 1.3007159904534608e-05 930
1708845731237 1.2609387430389818e-05 940
1708845733478 1.2211614956245029e-05 950
1708845735777 1.1813842482100239e-05 960
1708845738052 1.1416070007955449e-05 970
1708845740295 1.101829753381066e-05 980
1708845742523 1.0620525059665871e-05 990
1708845744756 1.0222752585521083e-05 1000
1708845760276 9.824980111376293e-06 1010
1708845762506 9.427207637231505e-06 1020
1708845764745 9.029435163086715e-06 1030
1708845766982 8.631662688941925e-06 1040
1708845769220 8.233890214797137e-06 1050
1708845771465 7.836117740652347e-06 1060
1708845773696 7.438345266507558e-06 1070
1708845775934 7.040572792362769e-06 1080
1708845778165 6.64280031821798e-06 1090
1708845780400 6.2450278440731906e-06 1100
1708845795356 5.847255369928402e-06 1110
1708845797593 5.449482895783612e-06 1120
1708845799828 5.051710421638823e-06 1130
1708845802056 4.653937947494034e-06 1140
1708845804285 4.256165473349245e-06 1150
1708845806519 3.858392999204456e-06 1160
1708845808774 3.4606205250596656e-06 1170
1708845811095 3.062848050914877e-06 1180
1708845813356 2.6650755767700877e-06 1190
1708845815613 2.2673031026252983e-06 1200
1708845831884 1.8695306284805093e-06 1210
1708845834278 1.47175815433572e-06 1220
1708845836538 1.0739856801909307e-06 1230
1708845838797 6.762132060461416e-07 1240
1708845841058 2.7844073190135243e-07 1250
