1708845407576 0.5465 10
1708845409828 0.2158 20
1708845412084 0.1607 30
1708845414321 0.1387 40
1708845416561 0.0932 50
1708845418799 0.1908 60
1708845421036 0.1297 70
1708845423271 0.0856 80
1708845425509 0.1513 90
1708845427745 0.1416 100
1708845441962 0.0672 110
1708845444193 0.1155 120
1708845446421 0.1 130
1708845448649 0.083 140
1708845450878 0.0554 150
1708845453116 0.0755 160
1708845455354 0.0765 170
1708845457582 0.0763 180
1708845459811 0.0909 190
1708845462064 0.0728 200
1708845477293 0.0734 210
1708845479547 0.0563 220
1708845481865 0.0455 230
1708845484138 0.0645 240
1708845486452 0.0646 250
1708845488709 0.0621 260
1708845490938 0.0603 270
1708845493169 0.0287 280
1708845495410 0.0572 290
1708845497669 0.0667 300
1708845512435 0.0667 310
1708845514671 0.035 320
1708845516904 0.0373 330
1708845519188 0.0557 340
1708845521452 0.0246 350
1708845523681 0.1203 360
1708845525916 0.0614 370
1708845528178 0.0709 380
1708845530418 0.0461 390
1708845532659 0.0711 400
1708845547765 0.0316 410
1708845550666 0.0655 420
1708845552903 0.0307 430
1708845555137 0.0419 440
1708845557368 0.0364 450
1708845559611 0.0118 460
1708845561889 0.0112 470
1708845564163 0.0783 480
1708845566446 0.0839 490
1708845568690 0.0268 500
1708845584569 0.0273 510
1708845586818 0.0387 520
1708845589048 0.0532 530
1708845591323 0.0214 540
1708845593625 0.0106 550
1708845595937 0.013 560
1708845598232 0.0349 570
1708845600493 0.0743 580
1708845602783 0.0579 590
1708845605049 0.016 600
1708845619750 0.085 610
1708845622027 0.0636 620
1708845624297 0.0101 630
1708845626604 0.0203 640
1708845628835 0.0431 650
1708845631070 0.0423 660
1708845633311 0.0725 670
1708845635550 0.0493 680
1708845637778 0.0224 690
1708845640055 0.0292 700
1708845654529 0.0062 710
1708845656758 0.0195 720
1708845658988 0.0529 730
1708845661231 0.0191 740
1708845663498 0.0792 750
1708845665762 0.0224 760
1708845668025 0.0141 770
1708845670289 0.011 780
1708845672555 0.0325 790
1708845674821 0.0162 800
1708845689307 0.0381 810
1708845691544 0.0061 820
1708845693776 0.0125 830
1708845696617 0.028 840
1708845698854 0.0019 850
1708845701086 0.0029 860
1708845703316 0.006 870
1708845705549 0.002 880
1708845707781 0.0052 890
1708845710021 0.0666 900
1708845724450 0.0011 910
1708845726702 0.0278 920
1708845728997 0.0393 930
1708845731237 0.041 940
1708845733478 0.0077 950
1708845735777 0.0139 960
1708845738052 0.0067 970
1708845740295 0.0021 980
1708845742523 0.019 990
1708845744756 0.0536 1000
1708845760276 0.0069 1010
1708845762506 0.031 1020
1708845764745 0.0227 1030
1708845766982 0.016 1040
1708845769220 0.0085 1050
1708845771465 0.0215 1060
1708845773696 0.0104 1070
1708845775934 0.0332 1080
1708845778165 0.002 1090
1708845780400 0.0025 1100
1708845795356 0.0055 1110
1708845797593 0.0206 1120
1708845799828 0.0234 1130
1708845802056 0.032 1140
1708845804285 0.0042 1150
1708845806519 0.0199 1160
1708845808774 0.0124 1170
1708845811095 0.0022 1180
1708845813356 0.0447 1190
1708845815613 0.0037 1200
1708845831884 0.0193 1210
1708845834278 0.0007 1220
1708845836538 0.0251 1230
1708845838797 0.0259 1240
1708845841058 0.0018 1250
